0.234116
0.204752
0.203973
0.205700
0.203837
0.205907
0.203700
0.206973
0.102011
0.100930
0.205132
0.206375
0.203633
0.203644
0.206270
0.203488
0.206436
0.205921
0.202688
0.203883
0.207206
0.202757
0.165629
0.245813
0.075500
0.128844
0.202954
0.114998
0.025236
0.065503
0.203454
0.205775
0.203800
0.204701
0.205877
0.104805
0.023311
0.076680
0.204761
0.203764
0.205288
0.205376
0.203657
0.204637
0.204901
0.210031
0.112247
0.089488
0.050294
0.151942
0.206461
0.204451
0.203407
0.114700
0.030633
0.061966
0.202107
0.207033
0.202537
0.206080
0.205108
0.101869
0.102405
0.155485
0.027663
0.230107
0.200496
0.113179
0.090980
0.204921
0.204944
0.204293
0.206022
0.113049
0.090465
0.204725
0.206475
0.203795
0.204548
0.113304
0.092817
0.203090
0.154053
0.053229
0.203912
0.024428
0.178428
0.081103
0.026674
0.097689
0.203960
0.206333
0.203556
0.319762
0.091428
0.203195
0.205720
0.204619
0.205915
0.046877
